{
 "cells": [
  {
   "cell_type": "code",
   "execution_count": 2,
   "id": "bff0255a-292a-4973-b774-4e9ba589b7ed",
   "metadata": {},
   "outputs": [],
   "source": [
    "import numpy as np"
   ]
  },
  {
   "cell_type": "code",
   "execution_count": 3,
   "id": "19613add-2aea-40af-9684-ce435411977d",
   "metadata": {},
   "outputs": [],
   "source": [
    "A = np.array([1, 2, 3, 4, 5, 6, 7, 8, 9])"
   ]
  },
  {
   "cell_type": "code",
   "execution_count": 4,
   "id": "a930921c-b62f-4a27-b252-da2aeefc7ef4",
   "metadata": {},
   "outputs": [
    {
     "data": {
      "text/plain": [
       "(9,)"
      ]
     },
     "execution_count": 4,
     "metadata": {},
     "output_type": "execute_result"
    }
   ],
   "source": [
    "A.shape"
   ]
  },
  {
   "cell_type": "code",
   "execution_count": 6,
   "id": "b9425ba6-f8ae-4588-8763-d2d4d53cc16e",
   "metadata": {},
   "outputs": [
    {
     "data": {
      "text/plain": [
       "array([[1, 4, 7],\n",
       "       [2, 5, 8],\n",
       "       [3, 6, 9]])"
      ]
     },
     "execution_count": 6,
     "metadata": {},
     "output_type": "execute_result"
    }
   ],
   "source": [
    "A.reshape(3,3).T"
   ]
  },
  {
   "cell_type": "code",
   "execution_count": 17,
   "id": "3ef1962f-f513-4006-9987-63def5cc9c89",
   "metadata": {},
   "outputs": [],
   "source": [
    "A = np.array([1, 2, 3])"
   ]
  },
  {
   "cell_type": "code",
   "execution_count": 23,
   "id": "e8c481cf-4ae3-4240-a8dd-7f051ed1407a",
   "metadata": {},
   "outputs": [
    {
     "data": {
      "text/plain": [
       "3"
      ]
     },
     "execution_count": 23,
     "metadata": {},
     "output_type": "execute_result"
    }
   ],
   "source": [
    "np.nonzero(A)[0].shape[0]"
   ]
  },
  {
   "cell_type": "code",
   "execution_count": 15,
   "id": "a429dc37-a2e7-423b-943e-655c2ac53068",
   "metadata": {},
   "outputs": [
    {
     "data": {
      "text/plain": [
       "False"
      ]
     },
     "execution_count": 15,
     "metadata": {},
     "output_type": "execute_result"
    }
   ],
   "source": [
    "np.any(A == 0)"
   ]
  },
  {
   "cell_type": "code",
   "execution_count": 26,
   "id": "04ee87b1-06e2-4a69-9ec0-d44680fcad88",
   "metadata": {},
   "outputs": [],
   "source": [
    "A = np.array([1, 2, 3, 4, 5, 6, 7 ,8 ,9])"
   ]
  },
  {
   "cell_type": "code",
   "execution_count": 27,
   "id": "82ac2256-ad68-403b-b4eb-dd7f2c2c4f48",
   "metadata": {},
   "outputs": [
    {
     "data": {
      "text/plain": [
       "array([1, 2, 3, 4, 5, 6, 7, 8, 9])"
      ]
     },
     "execution_count": 27,
     "metadata": {},
     "output_type": "execute_result"
    }
   ],
   "source": [
    "A"
   ]
  },
  {
   "cell_type": "code",
   "execution_count": 38,
   "id": "edff6994-4e14-4115-9593-c2c44c34e06b",
   "metadata": {},
   "outputs": [],
   "source": [
    "A = A.reshape(3,3)"
   ]
  },
  {
   "cell_type": "code",
   "execution_count": 39,
   "id": "1ba570fc-85d4-4f23-9db1-266cea3c5dcc",
   "metadata": {},
   "outputs": [
    {
     "data": {
      "text/plain": [
       "array([[1, 2, 3],\n",
       "       [4, 5, 6],\n",
       "       [7, 8, 9]])"
      ]
     },
     "execution_count": 39,
     "metadata": {},
     "output_type": "execute_result"
    }
   ],
   "source": [
    "A"
   ]
  },
  {
   "cell_type": "code",
   "execution_count": 34,
   "id": "f69b0b41-0eb4-4086-abb7-ce5ed648d11b",
   "metadata": {},
   "outputs": [],
   "source": [
    "A = A.flatten()"
   ]
  },
  {
   "cell_type": "code",
   "execution_count": 35,
   "id": "2693b1d7-976e-4439-aae8-6fe65896852a",
   "metadata": {},
   "outputs": [
    {
     "data": {
      "text/plain": [
       "array([1, 2, 3, 4, 5, 6, 7, 8, 9])"
      ]
     },
     "execution_count": 35,
     "metadata": {},
     "output_type": "execute_result"
    }
   ],
   "source": [
    "A"
   ]
  },
  {
   "cell_type": "code",
   "execution_count": 43,
   "id": "5b53cc99-f02e-424c-b7d9-a8c300d8e0b6",
   "metadata": {},
   "outputs": [],
   "source": [
    "B = np.argsort(A, axis=1)[:, -1:][:, ::-1]"
   ]
  },
  {
   "cell_type": "code",
   "execution_count": 44,
   "id": "70bd9de3-01e6-40a4-8c35-41ff4c6035ee",
   "metadata": {},
   "outputs": [
    {
     "data": {
      "text/plain": [
       "array([[2],\n",
       "       [2],\n",
       "       [2]], dtype=int64)"
      ]
     },
     "execution_count": 44,
     "metadata": {},
     "output_type": "execute_result"
    }
   ],
   "source": [
    "B"
   ]
  },
  {
   "cell_type": "code",
   "execution_count": 45,
   "id": "93bef18e-01d9-49ba-9eb6-e09570e2e19f",
   "metadata": {},
   "outputs": [
    {
     "data": {
      "text/plain": [
       "(3, 1)"
      ]
     },
     "execution_count": 45,
     "metadata": {},
     "output_type": "execute_result"
    }
   ],
   "source": [
    "B.shape"
   ]
  },
  {
   "cell_type": "code",
   "execution_count": 46,
   "id": "aeebbecd-bd1c-476b-95a9-674ad544dde6",
   "metadata": {},
   "outputs": [],
   "source": [
    "C = np.array([0, 0, 2])"
   ]
  },
  {
   "cell_type": "code",
   "execution_count": 47,
   "id": "ac275845-2a1a-4ab3-b18b-895d565e8467",
   "metadata": {},
   "outputs": [
    {
     "data": {
      "text/plain": [
       "array([0, 0, 2])"
      ]
     },
     "execution_count": 47,
     "metadata": {},
     "output_type": "execute_result"
    }
   ],
   "source": [
    "C"
   ]
  },
  {
   "cell_type": "code",
   "execution_count": 48,
   "id": "9d6dd60a-d4d7-494d-809d-9dada028a436",
   "metadata": {},
   "outputs": [],
   "source": [
    "match_array = np.logical_or.reduce(B == C)"
   ]
  },
  {
   "cell_type": "code",
   "execution_count": 49,
   "id": "eb286db1-2e7a-4e8b-adfc-5f9c469af5ac",
   "metadata": {},
   "outputs": [
    {
     "data": {
      "text/plain": [
       "array([False, False,  True])"
      ]
     },
     "execution_count": 49,
     "metadata": {},
     "output_type": "execute_result"
    }
   ],
   "source": [
    "match_array"
   ]
  },
  {
   "cell_type": "code",
   "execution_count": 29,
   "id": "f0adc5c0-abe8-4d81-922c-034298689d89",
   "metadata": {},
   "outputs": [],
   "source": [
    "window_s = 21\n",
    "sigma = 5"
   ]
  },
  {
   "cell_type": "code",
   "execution_count": 30,
   "id": "7dd73bb9-1d4b-499d-8872-0dd0a1f627aa",
   "metadata": {},
   "outputs": [
    {
     "name": "stdout",
     "output_type": "stream",
     "text": [
      "[[0.96078944 0.96444738 0.96773209 0.97063964 0.97316659 0.97530991\n",
      "  0.97706705 0.9784359  0.97941483 0.98000265 0.98019867 0.98000265\n",
      "  0.97941483 0.9784359  0.97706705 0.97530991 0.97316659 0.97063964\n",
      "  0.96773209 0.96444738 0.96078944]\n",
      " [0.96444738 0.96811926 0.97141646 0.97433509 0.97687166 0.97902314\n",
      "  0.98078697 0.98216103 0.98314368 0.98373375 0.98393051 0.98373375\n",
      "  0.98314368 0.98216103 0.98078697 0.97902314 0.97687166 0.97433509\n",
      "  0.97141646 0.96811926 0.96444738]\n",
      " [0.96773209 0.97141646 0.9747249  0.97765347 0.98019867 0.98235748\n",
      "  0.98412732 0.98550606 0.98649206 0.98708414 0.98728157 0.98708414\n",
      "  0.98649206 0.98550606 0.98412732 0.98235748 0.98019867 0.97765347\n",
      "  0.9747249  0.97141646 0.96773209]\n",
      " [0.97063964 0.97433509 0.97765347 0.98059083 0.98314368 0.98530898\n",
      "  0.98708414 0.98846702 0.98945598 0.99004983 0.99024786 0.99004983\n",
      "  0.98945598 0.98846702 0.98708414 0.98530898 0.98314368 0.98059083\n",
      "  0.97765347 0.97433509 0.97063964]\n",
      " [0.97316659 0.97687166 0.98019867 0.98314368 0.98570318 0.98787412\n",
      "  0.98965389 0.99104038 0.99203191 0.99262731 0.99282586 0.99262731\n",
      "  0.99203191 0.99104038 0.98965389 0.98787412 0.98570318 0.98314368\n",
      "  0.98019867 0.97687166 0.97316659]\n",
      " [0.97530991 0.97902314 0.98235748 0.98530898 0.98787412 0.99004983\n",
      "  0.99183353 0.99322307 0.99421679 0.9948135  0.99501248 0.9948135\n",
      "  0.99421679 0.99322307 0.99183353 0.99004983 0.98787412 0.98530898\n",
      "  0.98235748 0.97902314 0.97530991]\n",
      " [0.97706705 0.98078697 0.98412732 0.98708414 0.98965389 0.99183353\n",
      "  0.99362044 0.99501248 0.99600799 0.99660577 0.99680511 0.99660577\n",
      "  0.99600799 0.99501248 0.99362044 0.99183353 0.98965389 0.98708414\n",
      "  0.98412732 0.98078697 0.97706705]\n",
      " [0.9784359  0.98216103 0.98550606 0.98846702 0.99104038 0.99322307\n",
      "  0.99501248 0.99640647 0.99740338 0.998002   0.99820162 0.998002\n",
      "  0.99740338 0.99640647 0.99501248 0.99322307 0.99104038 0.98846702\n",
      "  0.98550606 0.98216103 0.9784359 ]\n",
      " [0.97941483 0.98314368 0.98649206 0.98945598 0.99203191 0.99421679\n",
      "  0.99600799 0.99740338 0.99840128 0.9990005  0.99920032 0.9990005\n",
      "  0.99840128 0.99740338 0.99600799 0.99421679 0.99203191 0.98945598\n",
      "  0.98649206 0.98314368 0.97941483]\n",
      " [0.98000265 0.98373375 0.98708414 0.99004983 0.99262731 0.9948135\n",
      "  0.99660577 0.998002   0.9990005  0.99960008 0.99980002 0.99960008\n",
      "  0.9990005  0.998002   0.99660577 0.9948135  0.99262731 0.99004983\n",
      "  0.98708414 0.98373375 0.98000265]\n",
      " [0.98019867 0.98393051 0.98728157 0.99024786 0.99282586 0.99501248\n",
      "  0.99680511 0.99820162 0.99920032 0.99980002 1.         0.99980002\n",
      "  0.99920032 0.99820162 0.99680511 0.99501248 0.99282586 0.99024786\n",
      "  0.98728157 0.98393051 0.98019867]\n",
      " [0.98000265 0.98373375 0.98708414 0.99004983 0.99262731 0.9948135\n",
      "  0.99660577 0.998002   0.9990005  0.99960008 0.99980002 0.99960008\n",
      "  0.9990005  0.998002   0.99660577 0.9948135  0.99262731 0.99004983\n",
      "  0.98708414 0.98373375 0.98000265]\n",
      " [0.97941483 0.98314368 0.98649206 0.98945598 0.99203191 0.99421679\n",
      "  0.99600799 0.99740338 0.99840128 0.9990005  0.99920032 0.9990005\n",
      "  0.99840128 0.99740338 0.99600799 0.99421679 0.99203191 0.98945598\n",
      "  0.98649206 0.98314368 0.97941483]\n",
      " [0.9784359  0.98216103 0.98550606 0.98846702 0.99104038 0.99322307\n",
      "  0.99501248 0.99640647 0.99740338 0.998002   0.99820162 0.998002\n",
      "  0.99740338 0.99640647 0.99501248 0.99322307 0.99104038 0.98846702\n",
      "  0.98550606 0.98216103 0.9784359 ]\n",
      " [0.97706705 0.98078697 0.98412732 0.98708414 0.98965389 0.99183353\n",
      "  0.99362044 0.99501248 0.99600799 0.99660577 0.99680511 0.99660577\n",
      "  0.99600799 0.99501248 0.99362044 0.99183353 0.98965389 0.98708414\n",
      "  0.98412732 0.98078697 0.97706705]\n",
      " [0.97530991 0.97902314 0.98235748 0.98530898 0.98787412 0.99004983\n",
      "  0.99183353 0.99322307 0.99421679 0.9948135  0.99501248 0.9948135\n",
      "  0.99421679 0.99322307 0.99183353 0.99004983 0.98787412 0.98530898\n",
      "  0.98235748 0.97902314 0.97530991]\n",
      " [0.97316659 0.97687166 0.98019867 0.98314368 0.98570318 0.98787412\n",
      "  0.98965389 0.99104038 0.99203191 0.99262731 0.99282586 0.99262731\n",
      "  0.99203191 0.99104038 0.98965389 0.98787412 0.98570318 0.98314368\n",
      "  0.98019867 0.97687166 0.97316659]\n",
      " [0.97063964 0.97433509 0.97765347 0.98059083 0.98314368 0.98530898\n",
      "  0.98708414 0.98846702 0.98945598 0.99004983 0.99024786 0.99004983\n",
      "  0.98945598 0.98846702 0.98708414 0.98530898 0.98314368 0.98059083\n",
      "  0.97765347 0.97433509 0.97063964]\n",
      " [0.96773209 0.97141646 0.9747249  0.97765347 0.98019867 0.98235748\n",
      "  0.98412732 0.98550606 0.98649206 0.98708414 0.98728157 0.98708414\n",
      "  0.98649206 0.98550606 0.98412732 0.98235748 0.98019867 0.97765347\n",
      "  0.9747249  0.97141646 0.96773209]\n",
      " [0.96444738 0.96811926 0.97141646 0.97433509 0.97687166 0.97902314\n",
      "  0.98078697 0.98216103 0.98314368 0.98373375 0.98393051 0.98373375\n",
      "  0.98314368 0.98216103 0.98078697 0.97902314 0.97687166 0.97433509\n",
      "  0.97141646 0.96811926 0.96444738]\n",
      " [0.96078944 0.96444738 0.96773209 0.97063964 0.97316659 0.97530991\n",
      "  0.97706705 0.9784359  0.97941483 0.98000265 0.98019867 0.98000265\n",
      "  0.97941483 0.9784359  0.97706705 0.97530991 0.97316659 0.97063964\n",
      "  0.96773209 0.96444738 0.96078944]]\n"
     ]
    }
   ],
   "source": [
    "x, y = np.meshgrid(np.linspace(-1,1,window_s), np.linspace(-1,1,window_s))\n",
    "dst = np.sqrt(x*x+y*y)\n",
    "gauss = np.exp(-( (dst)**2 / ( 2.0 * sigma**2 ) ) )\n",
    "\n",
    "gauss1 = np.flipud(np.fliplr(gauss))\n",
    "gauss2 = np.fliplr(gauss)\n",
    "gauss3 = np.flipud(gauss)\n",
    "gauss4 = gauss\n",
    "\n",
    "# gauss1 = \n",
    "print(gauss)"
   ]
  },
  {
   "cell_type": "code",
   "execution_count": 12,
   "id": "9df45b17-7430-4e17-8517-2b18902b85fd",
   "metadata": {},
   "outputs": [
    {
     "data": {
      "text/plain": [
       "array([[0.8824969 , 0.90370708, 0.92311635, 0.94058806, 0.95599748],\n",
       "       [0.90370708, 0.91197321, 0.92742041, 0.94323195, 0.9577463 ],\n",
       "       [0.92311635, 0.92742041, 0.93773365, 0.95017299, 0.96252369],\n",
       "       [0.94058806, 0.94323195, 0.95017299, 0.95941267, 0.96923323],\n",
       "       [0.95599748, 0.9577463 , 0.96252369, 0.96923323, 0.97669716]])"
      ]
     },
     "execution_count": 12,
     "metadata": {},
     "output_type": "execute_result"
    }
   ],
   "source": [
    "gauss"
   ]
  },
  {
   "cell_type": "code",
   "execution_count": 21,
   "id": "53974e47-cf52-4e07-9b16-9d06a74266cc",
   "metadata": {},
   "outputs": [
    {
     "name": "stdout",
     "output_type": "stream",
     "text": [
      "(11, 11)\n"
     ]
    },
    {
     "data": {
      "text/plain": [
       "0.9999442734627804"
      ]
     },
     "execution_count": 21,
     "metadata": {},
     "output_type": "execute_result"
    }
   ],
   "source": [
    "x, y = np.meshgrid(np.linspace(-1,1,window_s+1), np.linspace(-1,1,window_s+1))\n",
    "dst = np.sqrt(x*x+y*y)\n",
    "gauss = np.exp(-( (dst - 0.5)**2 / ( 2.0 * sigma**2 ) ) )\n",
    "print(gauss.shape)\n",
    "np.max(gauss)\n",
    "# gauss1 = "
   ]
  },
  {
   "cell_type": "code",
   "execution_count": 26,
   "id": "5d23257e-ffdb-4dff-8713-8a76e05b32b6",
   "metadata": {},
   "outputs": [
    {
     "name": "stdout",
     "output_type": "stream",
     "text": [
      "2D Gaussian array :\n",
      "\n",
      "[[0.36787944 0.40454189 0.44043165 0.4747343  0.50661699 0.53526143\n",
      "  0.55989837 0.57984178 0.59452055 0.60350558 0.60653066 0.60350558\n",
      "  0.59452055 0.57984178 0.55989837 0.53526143 0.50661699 0.4747343\n",
      "  0.44043165 0.40454189 0.36787944]\n",
      " [0.40454189 0.44485807 0.48432457 0.52204578 0.55710586 0.58860497\n",
      "  0.6156972  0.63762815 0.65376979 0.66365025 0.66697681 0.66365025\n",
      "  0.65376979 0.63762815 0.6156972  0.58860497 0.55710586 0.52204578\n",
      "  0.48432457 0.44485807 0.40454189]\n",
      " [0.44043165 0.48432457 0.52729242 0.56836015 0.60653066 0.64082428\n",
      "  0.67032005 0.69419665 0.71177032 0.72252735 0.72614904 0.72252735\n",
      "  0.71177032 0.69419665 0.67032005 0.64082428 0.60653066 0.56836015\n",
      "  0.52729242 0.48432457 0.44043165]\n",
      " [0.4747343  0.52204578 0.56836015 0.61262639 0.65376979 0.69073433\n",
      "  0.72252735 0.74826357 0.76720595 0.77880078 0.78270454 0.77880078\n",
      "  0.76720595 0.74826357 0.72252735 0.69073433 0.65376979 0.61262639\n",
      "  0.56836015 0.52204578 0.4747343 ]\n",
      " [0.50661699 0.55710586 0.60653066 0.65376979 0.69767633 0.73712337\n",
      "  0.77105159 0.79851622 0.81873075 0.83110428 0.83527021 0.83110428\n",
      "  0.81873075 0.79851622 0.77105159 0.73712337 0.69767633 0.65376979\n",
      "  0.60653066 0.55710586 0.50661699]\n",
      " [0.53526143 0.58860497 0.64082428 0.69073433 0.73712337 0.77880078\n",
      "  0.81464732 0.84366482 0.86502229 0.87809543 0.8824969  0.87809543\n",
      "  0.86502229 0.84366482 0.81464732 0.77880078 0.73712337 0.69073433\n",
      "  0.64082428 0.58860497 0.53526143]\n",
      " [0.55989837 0.6156972  0.67032005 0.72252735 0.77105159 0.81464732\n",
      "  0.85214379 0.8824969  0.90483742 0.91851228 0.92311635 0.91851228\n",
      "  0.90483742 0.8824969  0.85214379 0.81464732 0.77105159 0.72252735\n",
      "  0.67032005 0.6156972  0.55989837]\n",
      " [0.57984178 0.63762815 0.69419665 0.74826357 0.79851622 0.84366482\n",
      "  0.8824969  0.91393119 0.93706746 0.95122942 0.95599748 0.95122942\n",
      "  0.93706746 0.91393119 0.8824969  0.84366482 0.79851622 0.74826357\n",
      "  0.69419665 0.63762815 0.57984178]\n",
      " [0.59452055 0.65376979 0.71177032 0.76720595 0.81873075 0.86502229\n",
      "  0.90483742 0.93706746 0.96078944 0.97530991 0.98019867 0.97530991\n",
      "  0.96078944 0.93706746 0.90483742 0.86502229 0.81873075 0.76720595\n",
      "  0.71177032 0.65376979 0.59452055]\n",
      " [0.60350558 0.66365025 0.72252735 0.77880078 0.83110428 0.87809543\n",
      "  0.91851228 0.95122942 0.97530991 0.99004983 0.99501248 0.99004983\n",
      "  0.97530991 0.95122942 0.91851228 0.87809543 0.83110428 0.77880078\n",
      "  0.72252735 0.66365025 0.60350558]\n",
      " [0.60653066 0.66697681 0.72614904 0.78270454 0.83527021 0.8824969\n",
      "  0.92311635 0.95599748 0.98019867 0.99501248 1.         0.99501248\n",
      "  0.98019867 0.95599748 0.92311635 0.8824969  0.83527021 0.78270454\n",
      "  0.72614904 0.66697681 0.60653066]\n",
      " [0.60350558 0.66365025 0.72252735 0.77880078 0.83110428 0.87809543\n",
      "  0.91851228 0.95122942 0.97530991 0.99004983 0.99501248 0.99004983\n",
      "  0.97530991 0.95122942 0.91851228 0.87809543 0.83110428 0.77880078\n",
      "  0.72252735 0.66365025 0.60350558]\n",
      " [0.59452055 0.65376979 0.71177032 0.76720595 0.81873075 0.86502229\n",
      "  0.90483742 0.93706746 0.96078944 0.97530991 0.98019867 0.97530991\n",
      "  0.96078944 0.93706746 0.90483742 0.86502229 0.81873075 0.76720595\n",
      "  0.71177032 0.65376979 0.59452055]\n",
      " [0.57984178 0.63762815 0.69419665 0.74826357 0.79851622 0.84366482\n",
      "  0.8824969  0.91393119 0.93706746 0.95122942 0.95599748 0.95122942\n",
      "  0.93706746 0.91393119 0.8824969  0.84366482 0.79851622 0.74826357\n",
      "  0.69419665 0.63762815 0.57984178]\n",
      " [0.55989837 0.6156972  0.67032005 0.72252735 0.77105159 0.81464732\n",
      "  0.85214379 0.8824969  0.90483742 0.91851228 0.92311635 0.91851228\n",
      "  0.90483742 0.8824969  0.85214379 0.81464732 0.77105159 0.72252735\n",
      "  0.67032005 0.6156972  0.55989837]\n",
      " [0.53526143 0.58860497 0.64082428 0.69073433 0.73712337 0.77880078\n",
      "  0.81464732 0.84366482 0.86502229 0.87809543 0.8824969  0.87809543\n",
      "  0.86502229 0.84366482 0.81464732 0.77880078 0.73712337 0.69073433\n",
      "  0.64082428 0.58860497 0.53526143]\n",
      " [0.50661699 0.55710586 0.60653066 0.65376979 0.69767633 0.73712337\n",
      "  0.77105159 0.79851622 0.81873075 0.83110428 0.83527021 0.83110428\n",
      "  0.81873075 0.79851622 0.77105159 0.73712337 0.69767633 0.65376979\n",
      "  0.60653066 0.55710586 0.50661699]\n",
      " [0.4747343  0.52204578 0.56836015 0.61262639 0.65376979 0.69073433\n",
      "  0.72252735 0.74826357 0.76720595 0.77880078 0.78270454 0.77880078\n",
      "  0.76720595 0.74826357 0.72252735 0.69073433 0.65376979 0.61262639\n",
      "  0.56836015 0.52204578 0.4747343 ]\n",
      " [0.44043165 0.48432457 0.52729242 0.56836015 0.60653066 0.64082428\n",
      "  0.67032005 0.69419665 0.71177032 0.72252735 0.72614904 0.72252735\n",
      "  0.71177032 0.69419665 0.67032005 0.64082428 0.60653066 0.56836015\n",
      "  0.52729242 0.48432457 0.44043165]\n",
      " [0.40454189 0.44485807 0.48432457 0.52204578 0.55710586 0.58860497\n",
      "  0.6156972  0.63762815 0.65376979 0.66365025 0.66697681 0.66365025\n",
      "  0.65376979 0.63762815 0.6156972  0.58860497 0.55710586 0.52204578\n",
      "  0.48432457 0.44485807 0.40454189]\n",
      " [0.36787944 0.40454189 0.44043165 0.4747343  0.50661699 0.53526143\n",
      "  0.55989837 0.57984178 0.59452055 0.60350558 0.60653066 0.60350558\n",
      "  0.59452055 0.57984178 0.55989837 0.53526143 0.50661699 0.4747343\n",
      "  0.44043165 0.40454189 0.36787944]]\n"
     ]
    }
   ],
   "source": [
    "import numpy as np\n",
    "  \n",
    "# Initializing value of x-axis and y-axis\n",
    "# in the range -1 to 1\n",
    "x, y = np.meshgrid(np.linspace(-1,1,21), np.linspace(-1,1,21))\n",
    "dst = np.sqrt(x*x+y*y)\n",
    "  \n",
    "# Intializing sigma and muu\n",
    "sigma = 1\n",
    "muu = 0.000\n",
    "  \n",
    "# Calculating Gaussian array\n",
    "gauss = np.exp(-( (dst-muu)**2 / ( 2.0 * sigma**2 ) ) )\n",
    "  \n",
    "print(\"2D Gaussian array :\\n\")\n",
    "print(gauss)"
   ]
  },
  {
   "cell_type": "code",
   "execution_count": 23,
   "id": "0c05a480-e9a6-466f-9614-08759148ab6e",
   "metadata": {},
   "outputs": [
    {
     "data": {
      "text/plain": [
       "0.9877302162356105"
      ]
     },
     "execution_count": 23,
     "metadata": {},
     "output_type": "execute_result"
    }
   ],
   "source": [
    "np.max(gauss)"
   ]
  },
  {
   "cell_type": "code",
   "execution_count": 24,
   "id": "b62861d7-5941-4bbd-9edc-5a40e890b263",
   "metadata": {},
   "outputs": [
    {
     "data": {
      "text/plain": [
       "44"
      ]
     },
     "execution_count": 24,
     "metadata": {},
     "output_type": "execute_result"
    }
   ],
   "source": [
    "np.argmax(gauss)"
   ]
  },
  {
   "cell_type": "code",
   "execution_count": 25,
   "id": "b21161a1-36d7-4c95-81bb-917ce04d113b",
   "metadata": {},
   "outputs": [
    {
     "ename": "IndexError",
     "evalue": "index 44 is out of bounds for axis 0 with size 10",
     "output_type": "error",
     "traceback": [
      "\u001b[1;31m---------------------------------------------------------------------------\u001b[0m",
      "\u001b[1;31mIndexError\u001b[0m                                Traceback (most recent call last)",
      "\u001b[1;32m<ipython-input-25-8b5a49f6f39f>\u001b[0m in \u001b[0;36m<module>\u001b[1;34m\u001b[0m\n\u001b[1;32m----> 1\u001b[1;33m \u001b[0mgauss\u001b[0m\u001b[1;33m[\u001b[0m\u001b[1;36m44\u001b[0m\u001b[1;33m]\u001b[0m\u001b[1;33m\u001b[0m\u001b[1;33m\u001b[0m\u001b[0m\n\u001b[0m",
      "\u001b[1;31mIndexError\u001b[0m: index 44 is out of bounds for axis 0 with size 10"
     ]
    }
   ],
   "source": [
    "gauss[44]"
   ]
  },
  {
   "cell_type": "code",
   "execution_count": 36,
   "id": "65219932-1b27-4751-81b2-bd30604d9d99",
   "metadata": {},
   "outputs": [],
   "source": [
    "A = np.ones((3,3))\n",
    "B = np.ones((3,1))\n",
    "D = np.ones((1,3))\n",
    "C = np.concatenate((A.flatten(), B.flatten(), D.flatten()))"
   ]
  },
  {
   "cell_type": "code",
   "execution_count": 37,
   "id": "7b61bb55-75aa-4501-a997-48d429e171c4",
   "metadata": {},
   "outputs": [
    {
     "data": {
      "text/plain": [
       "(15,)"
      ]
     },
     "execution_count": 37,
     "metadata": {},
     "output_type": "execute_result"
    }
   ],
   "source": [
    "C.shape"
   ]
  },
  {
   "cell_type": "code",
   "execution_count": 38,
   "id": "3fcb485b-8b75-42b5-8fba-fcdb233fa71f",
   "metadata": {},
   "outputs": [],
   "source": [
    "P = np.ones((8,8))"
   ]
  },
  {
   "cell_type": "code",
   "execution_count": 40,
   "id": "da45f8ca-47d4-41d4-8475-9ebfe2bb6eec",
   "metadata": {},
   "outputs": [
    {
     "data": {
      "text/plain": [
       "(1, 8, 8)"
      ]
     },
     "execution_count": 40,
     "metadata": {},
     "output_type": "execute_result"
    }
   ],
   "source": [
    "np.expand_dims(P, axis = 0).shape"
   ]
  },
  {
   "cell_type": "code",
   "execution_count": null,
   "id": "9099fc5f-c833-45b2-bf12-c90f154147c7",
   "metadata": {},
   "outputs": [],
   "source": []
  }
 ],
 "metadata": {
  "kernelspec": {
   "display_name": "Python 3",
   "language": "python",
   "name": "python3"
  },
  "language_info": {
   "codemirror_mode": {
    "name": "ipython",
    "version": 3
   },
   "file_extension": ".py",
   "mimetype": "text/x-python",
   "name": "python",
   "nbconvert_exporter": "python",
   "pygments_lexer": "ipython3",
   "version": "3.7.9"
  }
 },
 "nbformat": 4,
 "nbformat_minor": 5
}
